Tiago Silva Lisboa 911961276 244889410 15 7 1990 2001 12.7
Afonso Ferreira Lisboa 967409158 671339695 5 12 1940 1995 51
Bruno Costa Lisboa 911353508 872151385 9 11 2001 2004 48
Gabriel Jesus Lisboa 933100153 767197158 7 7 1963 2014 36
Leonor Fernandes Lisboa 963303207 445867092 25 11 2004 2017 73
Beatriz Lopes Lisboa 966469909 634248978 16 2 1968 1993 5
Sofia Silva Lisboa 938214877 962118886 17 7 1975 1982 9.17
Mariana Mendes Lisboa 939509241 183815635 11 11 1962 1997 15.6
Bruno Nunes Lisboa 912472009 279347761 13 6 1936 1986 56.1
Martim Rocha Lisboa 928702388 793035067 20 4 1954 2003 36.09
