Francisco Santos Porto 967750892 700178889 08 01 2000 1989 35
Duarte Pereira Porto 966545351 402695098 21 06 1995 1991 15
Rodrigo Martins Porto 922142006 951806790 08 03 1970 2016 27
Maria Sousa Porto 963113149 218012277 17 08 1964 1996 17
Matilde Gomes Porto 935816816 611703065 31 01 1987 2019 42
Carolina Carvalho 916825736 828165083 19 051 958 1985 3.8
Alice Moreira Porto 926749175 130963304 12 09 1991 2004 6.89
Ana Soares Porto 933448439 646378338 14 03 2002 1999 12
Pedro Cardoso Porto 931880615 541051257 29 05 2000 2006 21.01
Joana Costa Porto 917874213 274625487 07 12 1947 1994 28
Dinis Matos Porto 914988033 800770242 02 11 1982 1993 35.67
Beatriz Barbosa Porto 968952818 370861256 06 07 1968 1992 27.69
Maria Silva Porto 932145624 467219860 09 06 1950 1995 54
Joaquim Andrade Porto 964731258 843079512 05 07 1954 2001 37.14
Rita Pateira Porto 964731582 463012570 19 10 1949 1994 61.07
Helena Pereira 934215743 217068234 25 02 1945 1990 84.07